2.7226171056046167	2.302594852593567	2.302058248258744	1.7249255335632674	1.3225376473270818	1.3155393599170024	0.9217144688588421
2.3025948525935673	1.9473566738755579	1.946895827094778	1.4588039708163494	1.118470961656702	1.1125872615155183	0.7795295884752668
2.302058248258744	1.9468958270947783	1.9464199844282408	1.4584231975099484	1.1181784845663307	1.1122769268604795	0.7792996061133332
1.7249255335632674	1.4588039708163494	1.4584231975099484	1.0927795509904914	0.8377840861855256	0.8334499947256996	0.5839609014652009
1.3225376473270816	1.1184709616567021	1.1181784845663312	0.8377840861855258	0.6421981243125598	0.6389500419612459	0.4475787271938563
1.3155393599170024	1.1125872615155181	1.1122769268604795	0.8334499947256994	0.6389500419612462	0.6356856221963975	0.4453625130826177
0.921714468858842	0.7795295884752669	0.7792996061133332	0.583960901465201	0.44757872719385633	0.4453625130826177	0.31187774798743173
2.7232360633804333	2.304048716636977	2.3044919690745855	1.7295747887479884	1.3147206656816044	1.3298641472010655	0.927699970004796
2.3040487166369776	1.9493871343039615	1.9497569106048234	1.4633660029186755	1.1123434634543343	1.1251821789321543	0.7848610066989488
2.304491969074585	1.9497569106048236	1.9501042185366775	1.4635735370051612	1.1124526343877241	1.1253622694006518	0.7850159213172585
1.7295747887479882	1.4633660029186757	1.4635735370051612	1.098474431422927	0.8349357579517874	0.8446299289118754	0.5891235178344455
1.3147206656816046	1.1123434634543343	1.112452634387724	0.8349357579517874	0.6346538609622077	0.6419410442190244	0.4477615337328096
1.3298641472010657	1.1251821789321543	1.1253622694006515	0.8446299289118753	0.6419410442190241	0.6495137280532669	0.4529506982293967
0.927699970004796	0.7848610066989488	0.7850159213172585	0.5891235178344457	0.4477615337328095	0.4529506982293967	0.3158367139956509
2.724626806322288	2.304160400390065	2.303765276582702	1.7225155504595053	1.3088032299356966	1.3081401418023835	0.9054082691111166
2.304160400390065	1.9485805342730202	1.9482333376105565	1.4566824757395562	1.1067892602272766	1.1062831547732035	0.7656714839177496
2.303765276582702	1.9482333376105565	1.94794489612617	1.4564787071689531	1.1066732368386156	1.1061386347900675	0.7656082421449807
1.7225155504595053	1.4566824757395562	1.4564787071689533	1.089023748126085	0.8273973578044606	0.8271346944011263	0.5723961707825457
1.308803229935697	1.1067892602272766	1.1066732368386158	0.8273973578044607	0.628539528561018	0.6284341566212274	0.4348476491332966
1.3081401418023832	1.1062831547732037	1.1061386347900675	0.8271346944011263	0.6284341566212274	0.6282948552945714	0.43476430624280443
0.9054082691111166	0.7656714839177496	0.7656082421449808	0.5723961707825457	0.4348476491332966	0.43476430624280443	0.30090317806883965
2.721262464461135	2.30115720380006	2.299181947235095	1.719401259306941	1.3045509432320523	1.3088996655092966	0.9057708938592168
2.30115720380006	1.9459041816956333	1.9442571213406812	1.4539519257388271	1.1031409149240163	1.1068288885762196	0.7659346821630398
2.2991819472350947	1.944257121340681	1.9425875162826312	1.452745680074395	1.1022782156447368	1.1059080796885086	0.7653756657726749
1.7194012593069408	1.4539519257388271	1.452745680074395	1.0863582792950168	0.8242424345507455	0.8270275450943414	0.5723763582072636
1.3045509432320526	1.1031409149240161	1.1022782156447368	0.8242424345507455	0.6253292409942213	0.6275035750641259	0.4342694353499259
1.3088996655092962	1.1068288885762196	1.1059080796885088	0.8270275450943414	0.6275035750641259	0.629567211079731	0.4358055779967375
0.9057708938592167	0.7659346821630398	0.7653756657726749	0.5723763582072636	0.43426943534992596	0.4358055779967374	0.3017664024904512
2.7226800594005565	2.3050112716616376	2.304712254992013	1.7274454240543717	1.3203623097886277	1.3204743784280948	0.9228629008945474
2.305011271661638	1.951421957575679	1.9511341525993524	1.4624294317340663	1.1177577827833136	1.117909330696187	0.7812287179512908
2.3047122549920123	1.9511341525993524	1.9508857602519896	1.4621909353267188	1.1175832432314323	1.1176966830376938	0.7811436907268924
1.7274454240543715	1.4624294317340656	1.4621909353267188	1.0958746646172186	0.8375067769079695	0.8376788227400378	0.585397809601397
1.3203623097886277	1.1177577827833136	1.117583243231432	0.8375067769079697	0.6400007884885336	0.640091619029631	0.4472734336453354
1.3204743784280948	1.117909330696187	1.1176966830376938	0.8376788227400377	0.640091619029631	0.6403768200143148	0.4474742225645472
0.9228629008945476	0.7812287179512909	0.7811436907268924	0.585397809601397	0.4472734336453353	0.4474742225645472	0.31268655401121404
2.7206964110604552	2.2973906458273383	2.3020282656001547	1.7207109846730353	1.313381078064711	1.3067542489584734	0.907355888787797
2.2973906458273383	1.9399328085653522	1.943873975137875	1.4529795417993094	1.1090120040398013	1.1034097475337008	0.7661404319895316
2.302028265600154	1.9438739751378753	1.9478140300034543	1.4559444347139714	1.1112522750667715	1.1056414975951443	0.7676341494468805
1.7207109846730353	1.4529795417993097	1.4559444347139718	1.0882631974949912	0.8305625444179362	0.8263879002068055	0.5736316969289904
1.313381078064711	1.1090120040398013	1.1112522750667715	0.8305625444179361	0.6337007566276426	0.6306295468884623	0.43753766964627117
1.3067542489584731	1.1034097475337008	1.1056414975951443	0.8263879002068055	0.6306295468884624	0.6273512484355476	0.4352989207638626
0.9073558887877972	0.7661404319895316	0.7676341494468807	0.5736316969289903	0.4375376696462712	0.4352989207638627	0.3018034204550032
2.7250269180990543	2.302521635646785	2.3075632124791867	1.7256265718322454	1.312788771117939	1.3184633513621113	0.9136347514763091
2.302521635646785	1.9455384326400604	1.949800926089768	1.458129408457296	1.1092985677384912	1.114107087622979	0.772013555125846
2.307563212479187	1.9498009260897682	1.954076312269042	1.4613471418879929	1.111761733229142	1.1166034087095393	0.7737801046097501
1.7256265718322454	1.4581294084572958	1.461347141887993	1.0929551386893221	0.8314905591422269	0.8351699858235831	0.5787163732766049
1.312788771117939	1.109298567738491	1.111761733229142	0.8314905591422268	0.6324954665999681	0.6354296389617836	0.4402147884280772
1.3184633513621113	1.1141070876229793	1.1166034087095396	0.8351699858235831	0.6354296389617836	0.6381928979021958	0.4422802679224043
0.9136347514763089	0.7720135551258459	0.7737801046097501	0.5787163732766049	0.4402147884280773	0.4422802679224043	0.3064312231923077
2.721620394108893	2.303013167169356	2.299292223475215	1.7225779857392804	1.3126529457421887	1.3186121443127987	0.9227152816621036
2.3030131671693566	1.9488065724583128	1.9456342858271818	1.4576235231821564	1.110745803151513	1.11577980429184	0.7807642772862763
2.299292223475216	1.9456342858271818	1.9424789617975575	1.4552308599252914	1.1089198862112186	1.1139485818881678	0.7795264034565349
1.7225779857392807	1.457623523182157	1.4552308599252914	1.0902102422465496	0.8307600312266207	0.8345883082387727	0.5840285686329032
1.3126529457421887	1.1107458031515132	1.1089198862112186	0.8307600312266207	0.6330656192803885	0.6359819308654742	0.44505693618146225
1.318612144312799	1.11577980429184	1.1139485818881678	0.8345883082387727	0.6359819308654742	0.6389796378414209	0.44719696426047406
0.9227152816621035	0.7807642772862762	0.7795264034565347	0.5840285686329032	0.44505693618146225	0.44719696426047406	0.3129817177841874
2.7247792168332947	2.3044080594484653	2.3024069222867856	1.7170311556907532	1.307362847814831	1.3090693551152643	0.912147066209189
2.3044080594484657	1.9488959448228986	1.9472169862153443	1.452136294323701	1.105662564658549	1.1071218784805514	0.7713934020819361
2.302406922286785	1.9472169862153443	1.9455109381047917	1.4509016689049676	1.1047616093936903	1.1061903964781552	0.7708296920985864
1.7170311556907532	1.452136294323701	1.4509016689049676	1.0819906443676575	0.823816409285563	0.8249373175096787	0.5747812524756848
1.3073628478148311	1.1056625646585487	1.1047616093936903	0.823816409285563	0.6272803589729352	0.6280692350514513	0.43761553884508836
1.3090693551152646	1.1071218784805517	1.106190396478155	0.8249373175096785	0.6280692350514513	0.628941520887954	0.43815635872665143
0.9121470662091893	0.7713934020819361	0.7708296920985863	0.5747812524756848	0.43761553884508836	0.4381563587266513	0.3051336193296334
2.7219898981552135	2.297205160756431	2.3043293925350867	1.717643312152563	1.3088194648123903	1.3087444252758045	0.9126236383948276
2.297205160756431	1.9387252783098454	1.9447427233601031	1.4496530657726832	1.1046835657619642	1.1045557399630204	0.7703105694485631
2.3043293925350876	1.9447427233601031	1.9507799522250264	1.45411221191667	1.1080364267931666	1.1079809197211945	0.7726702363128307
1.717643312152563	1.449653065772683	1.4541122119166703	1.08391563587591	0.8260051973178676	0.8258880494079109	0.5760130438366072
1.3088194648123903	1.1046835657619647	1.1080364267931666	0.8260051973178676	0.6295274144924076	0.6293252334651248	0.43894688497798023
1.3087444252758045	1.1045557399630206	1.1079809197211945	0.8258880494079109	0.6293252334651248	0.6293687628894785	0.4389532821154034
0.9126236383948276	0.7703105694485631	0.7726702363128305	0.5760130438366073	0.4389468849779803	0.4389532821154034	0.306134743853069
2.721700163585881	2.301700444873926	2.303502156976133	1.7232114983293505	1.313836893441746	1.3133447138740781	0.9131332933723234
2.3017004448739256	1.9464969042183038	1.948044638899919	1.4572652996593478	1.1110742506874696	1.1106601086801875	0.772235139153906
2.303502156976133	1.948044638899919	1.9495586903704627	1.4584366791159376	1.1119805932759526	1.1115602084625547	0.772850067840098
1.7232114983293505	1.4572652996593483	1.4584366791159378	1.0909972545980855	0.8318864891200485	0.8315284793834602	0.5782439189070633
1.313836893441746	1.1110742506874693	1.1119805932759523	0.8318864891200487	0.634386073160793	0.6340135633746067	0.4409317891632795
1.313344713874078	1.1106601086801875	1.1115602084625542	0.8315284793834602	0.6340135633746068	0.6338220916163787	0.44075114148489836
0.9131332933723234	0.7722351391539058	0.772850067840098	0.5782439189070634	0.4409317891632795	0.44075114148489836	0.3064614395176268
2.7199572205668274	2.301214734578243	2.3013730350693957	1.726457428544818	1.3212591513653784	1.3180836099004278	0.9254272802578133
2.301214734578242	1.9469620228541669	1.947077556372842	1.4606779747604646	1.117867602267837	1.1151282879950635	0.7829365785753923
2.3013730350693957	1.947077556372842	1.9472154244292366	1.4607895597282854	1.117949326130445	1.115238110981131	0.7829808037155397
1.7264574285448182	1.4606779747604646	1.4607895597282854	1.095860422786898	0.8386870405505219	0.8365461296305559	0.587319306751139
1.3212591513653784	1.1178676022678369	1.1179493261304447	0.8386870405505219	0.641912877107449	0.6402065682957855	0.44954692154424086
1.3180836099004278	1.1151282879950635	1.1152381109811311	0.836546129630556	0.6402065682957855	0.6384984691767707	0.4482585105716927
0.9254272802578133	0.7829365785753923	0.7829808037155397	0.587319306751139	0.4495469215442409	0.44825851057169275	0.31478338539891776
2.7230756208886704	2.30111508063658	2.3027408090649804	1.7265057541652518	1.316757868300807	1.3197051977958294	0.9185784141290126
2.30111508063658	1.9445333174135466	1.9459107257517223	1.4589710334068158	1.1127340779818766	1.115200462663523	0.7762029862117066
2.3027408090649804	1.9459107257517223	1.9472776147545081	1.4599605458868556	1.1134309559713353	1.1159462116377261	0.7766796901697569
1.7265057541652518	1.4589710334068158	1.4599605458868556	1.094563680815462	0.8347194969217951	0.8366443680229149	0.582188220834961
1.3167578683008072	1.1127340779818766	1.1134309559713358	0.834719496921795	0.6364719851221488	0.6380951935635134	0.44392696231155887
1.3197051977958294	1.1152004626635232	1.115946211637726	0.836644368022915	0.6380951935635134	0.6394344910262507	0.44497698249308787
0.9185784141290125	0.7762029862117069	0.7766796901697567	0.582188220834961	0.44392696231155887	0.444976982493088	0.3095023261284845
2.7213182878339204	2.2990404524328896	2.301918650361398	1.7208938651411678	1.3126890805930584	1.3134822877874046	0.9136242211904472
2.299040452432889	1.9422595910093217	1.9446959783829074	1.453800972564533	1.1089271851899138	1.1095659206098283	0.7717601069494474
2.3019186503613986	1.9446959783829074	1.9471480655581057	1.4556376115615457	1.1103722668159124	1.1110109366179983	0.7728277900689898
1.7208938651411678	1.4538009725645331	1.4556376115615455	1.0881690249325997	0.8300737644320916	0.8304450537660504	0.5776858551352911
1.3126890805930584	1.1089271851899138	1.1103722668159126	0.8300737644320918	0.6332006928489246	0.6334090747334269	0.4405984240095311
1.3134822877874044	1.1095659206098283	1.1110109366179979	0.8304450537660504	0.6334090747334268	0.6336710608112401	0.44070898524636726
0.9136242211904472	0.7717601069494474	0.7728277900689897	0.5776858551352911	0.44059842400953103	0.4407089852463673	0.3064414651464733
2.7238343741991837	2.300758871551182	2.3059673217162064	1.7213752461060914	1.3093219506526086	1.3116439902405477	0.912932126890405
2.300758871551182	1.943352536653608	1.9477682537426892	1.453928161415474	1.105848864348328	1.1078231224242587	0.7710409109561368
2.305967321716207	1.9477682537426897	1.952202086777337	1.457243827548569	1.108380594445934	1.1103433773641698	0.7727813537431084
1.7213752461060912	1.453928161415474	1.457243827548569	1.0877281632950673	0.8272776815731097	0.8287486544704435	0.5767181649950658
1.3093219506526088	1.105848864348328	1.108380594445934	0.8272776815731097	0.6292094074303435	0.6303109393469818	0.43861254668140387
1.3116439902405475	1.1078231224242587	1.1103433773641698	0.8287486544704435	0.6303109393469818	0.6313406422527706	0.43924756124310216
0.9129321268904049	0.7710409109561369	0.7727813537431083	0.5767181649950658	0.43861254668140387	0.43924756124310216	0.30552124668601155
2.720828054831106	2.3020407373632654	2.2996672375741514	1.7231610352093825	1.315697306760368	1.3133159385121793	0.9168019464041509
2.3020407373632654	1.9477374368356104	1.945718053317887	1.4579567662031954	1.113257838342698	1.111190181260727	0.7757180706796158
2.299667237574152	1.945718053317887	1.9437105380859772	1.4564339251609582	1.1120523890985432	1.1100403573058013	0.7749340616398604
1.7231610352093825	1.4579567662031954	1.4564339251609582	1.0912570202271052	0.8332670932475943	0.8316919351385956	0.5806211869737017
1.3156973067603677	1.113257838342698	1.112052389098543	0.8332670932475942	0.6363807298589609	0.6350971905465318	0.44351221304736876
1.3133159385121793	1.111190181260727	1.1100403573058013	0.8316919351385956	0.6350971905465319	0.6338645517311609	0.44254404372470346
0.9168019464041509	0.775718070679616	0.7749340616398603	0.5806211869737018	0.44351221304736876	0.4425440437247035	0.3091217536129855
2.7155527545120512	2.2944495271065515	2.2939912493188657	1.717449160820386	1.3041952324412749	1.3043442460919947	0.8984990144959069
2.294449527106552	1.9386301379461408	1.9382647437854654	1.4511164393471183	1.101905700544951	1.1020822258689076	0.7591577733466002
2.2939912493188657	1.9382647437854654	1.9378612345407873	1.4508154912960267	1.1016878219802397	1.1018381293140396	0.7589428297216777
1.717449160820386	1.4511164393471183	1.4508154912960267	1.0861838204888785	0.8247704418523387	0.8249900963123755	0.5682490589288475
1.3041952324412749	1.101905700544951	1.1016878219802395	0.8247704418523387	0.6261958106674754	0.6264405840587912	0.4314283688938116
1.3043442460919945	1.1020822258689076	1.1018381293140396	0.8249900963123755	0.6264405840587912	0.6266524724910659	0.4315903546665561
0.8984990144959069	0.7591577733466002	0.7589428297216778	0.5682490589288474	0.4314283688938116	0.43159035466655626	0.2971504467491317
2.7186772376517694	2.2998539674136076	2.295846901230042	1.7208460761129087	1.3099959508558718	1.3180230842565142	0.9210706737625173
2.2998539674136076	1.9455593410908254	1.942155859570821	1.4557418779481255	1.1081911469251942	1.1149855096357693	0.7791872654097456
2.295846901230042	1.9421558595708206	1.9387714935895692	1.4532070639823356	1.1062416764881136	1.1130394658829648	0.7777605863593453
1.7208460761129085	1.4557418779481253	1.4532070639823351	1.0892711664093397	0.8291832629902468	0.8343244890307487	0.582978921744575
1.3099959508558718	1.1081911469251937	1.1062416764881136	0.8291832629902466	0.6311793545649813	0.6351309641711053	0.4437810453752357
1.3180230842565142	1.1149855096357693	1.113039465882965	0.8343244890307489	0.6351309641711054	0.6390556078538253	0.4465410718559977
0.9210706737625175	0.7791872654097456	0.7777605863593452	0.582978921744575	0.4437810453752357	0.4465410718559976	0.31193173211712594
2.716829361997489	2.295460794289724	2.2956045194630117	1.7150158888013227	1.3009437252688454	1.3085663781740824	0.9072963278296639
2.295460794289724	1.9394543254153491	1.9395713133497707	1.4490276639009452	1.0991852323665852	1.105620391604673	0.7666233938745864
2.2956045194630117	1.9395713133497707	1.9397137879425552	1.4491719164541035	1.0993081747458067	1.1057661594841648	0.7667188100411275
1.7150158888013227	1.4490276639009452	1.4491719164541035	1.0826550744521886	0.8212608981606886	0.8261490809579822	0.5729092152834467
1.3009437252688454	1.0991852323665852	1.0993081747458067	0.8212608981606887	0.6229740918448218	0.6267125383949681	0.43466589840287706
1.3085663781740822	1.1056203916046727	1.1057661594841648	0.8261490809579822	0.6267125383949681	0.6304781987191532	0.437271041106607
0.9072963278296639	0.7666233938745863	0.7667188100411274	0.5729092152834467	0.4346658984028771	0.437271041106607	0.30344846998196473
2.7160197572279614	2.292154905079071	2.2941295535824504	1.7122969168879527	1.3057190869660913	1.309722750813041	0.9153607779705824
2.292154905079071	1.9344127265518345	1.9360984125316307	1.4450684230377322	1.1019507478904125	1.1053245090658945	0.7725265421417814
2.2941295535824495	1.9360984125316307	1.937795416892871	1.4463628465436138	1.1029704465956716	1.1063262675429235	0.7732478263821466
1.7122969168879525	1.4450684230377326	1.4463628465436136	1.0795945293603058	0.8232935399653195	0.8258221554935806	0.5771879333449896
1.3057190869660913	1.1019507478904127	1.1029704465956716	0.8232935399653196	0.6278209621417216	0.6297843683101033	0.4401836187486847
1.3097227508130416	1.1053245090658945	1.1063262675429235	0.8258221554935807	0.6297843683101035	0.6317360233989257	0.4414946657580949
0.9153607779705827	0.7725265421417814	0.7732478263821466	0.57718793334499	0.44018361874868467	0.441494665758095	0.30857201413729807
2.7200151011590257	2.29655419589821	2.2977480421113086	1.7137989129068396	1.3005068254090464	1.310354843306828	0.9092966911576111
2.29655419589821	1.9389889908229812	1.940053411136395	1.4469679176304584	1.0980068074415938	1.106347916814688	0.7677066386612292
2.297748042111309	1.9400534111363947	1.9409995656290588	1.4477073401329574	1.0985314693316868	1.1068972529826804	0.7680581091778554
1.7137989129068398	1.4469679176304584	1.447707340132957	1.079725770955964	0.8192546022865786	0.8255888200408582	0.5728846445433265
1.3005068254090462	1.098006807441594	1.0985314693316868	0.8192546022865786	0.6215800931781832	0.6263664455055805	0.4346198462997819
1.3103548433068282	1.1063479168146884	1.1068972529826804	0.8255888200408582	0.6263664455055805	0.6313162177859164	0.4380306052653715
0.9092966911576111	0.7677066386612291	0.7680581091778554	0.5728846445433265	0.43461984629978184	0.4380306052653715	0.30388731783583073
2.716900438640723	2.2974135001038953	2.292695413265415	1.7143603037955952	1.3038798817198252	1.3107511072706213	0.9140334969146208
2.297413500103896	1.9427337952151824	1.9387071648826748	1.4497269127872674	1.1026528664818807	1.1083572550845116	0.7729036709284066
2.292695413265415	1.9387071648826748	1.9347614966747972	1.4467501893996964	1.1003574736995245	1.1061700296681949	0.7713669084705881
1.7143603037955952	1.4497269127872678	1.4467501893996964	1.0819485250191911	0.8229898124081964	0.827219958845656	0.57689703650906
1.3038798817198254	1.1026528664818807	1.1003574736995245	0.8229898124081964	0.6261064693444797	0.6292390683784158	0.4389270050766482
1.3107511072706213	1.1083572550845116	1.1061700296681953	0.827219958845656	0.6292390683784158	0.6324445815858213	0.44101663787058104
0.914033496914621	0.7729036709284065	0.771366908470588	0.57689703650906	0.4389270050766482	0.4410166378705811	0.30758266056788824
2.721261208553899	2.3030053792456187	2.3033261504338864	1.7284395850608414	1.3176084064073217	1.3245902377458492	0.9210811593891729
2.3030053792456187	1.9490211347607673	1.9492897975177232	1.4627515823397745	1.1150187746390825	1.1209811685448496	0.7794184960620917
2.3033261504338873	1.9492897975177232	1.9495784228741873	1.462951113659603	1.115202692476027	1.1211364946393043	0.7795633805280467
1.7284395850608414	1.4627515823397743	1.462951113659603	1.0978371299233316	0.8368682183582692	0.8413609564862922	0.5849378174079264
1.3176084064073217	1.1150187746390827	1.1152026924760274	0.8368682183582691	0.6379877281549812	0.6413460587015098	0.44592338184353236
1.3245902377458492	1.1209811685448499	1.1211364946393045	0.8413609564862923	0.6413460587015098	0.6448357680285844	0.44824387458122966
0.9210811593891731	0.7794184960620917	0.7795633805280467	0.5849378174079264	0.44592338184353236	0.4482438745812298	0.31164557088712047
2.7238626384750524	2.3039976032392135	2.305508237389493	1.7305629639278142	1.321912829987501	1.331336076041064	0.9352626818752373
2.303997603239214	1.9488595840368035	1.9501170656994695	1.463797235848095	1.1181421348040221	1.1260983280485588	0.7910748012524632
2.3055082373894926	1.9501170656994695	1.951417860482513	1.4647563372405623	1.1188501024234438	1.12682814271927	0.7915889267437191
1.7305629639278146	1.4637972358480955	1.4647563372405628	1.099387962299325	0.8397098252792814	0.8456794416130246	0.594051332105131
1.3219128299875007	1.1181421348040226	1.118850102423444	0.8397098252792814	0.641399117409192	0.6458798254117554	0.45366577460394786
1.3313360760410637	1.1260983280485586	1.1268281427192697	0.8456794416130246	0.6458798254117553	0.6503760889587172	0.45678420634911604
0.9352626818752373	0.7910748012524631	0.7915889267437191	0.5940513321051308	0.45366577460394786	0.45678420634911604	0.3207272923648461
2.7197872646238843	2.297755947133013	2.2987925168381564	1.721156088599099	1.3138348108542164	1.3202348220176512	0.919392905011542
2.297755947133013	1.9412039386605666	1.9420889677928133	1.454077588541967	1.1099786099770765	1.1153652799175144	0.7767887063310678
2.2987925168381564	1.9420889677928137	1.9429404360872213	1.4547157075321449	1.110444991394984	1.1158477417601562	0.7771047910712968
1.721156088599099	1.454077588541967	1.4547157075321449	1.089101115973771	0.8313393860396294	0.8353897317996202	0.5818448519300805
1.3138348108542162	1.1099786099770765	1.110444991394984	0.8313393860396295	0.6345849197767071	0.6377158729744922	0.4442172144666228
1.320234822017651	1.1153652799175144	1.1158477417601562	0.8353897317996198	0.6377158729744922	0.6407763449584816	0.44647615505645777
0.919392905011542	0.7767887063310678	0.7771047910712969	0.5818448519300806	0.4442172144666228	0.44647615505645777	0.3112017335041209
2.7176568081471317	2.2961357666073745	2.2977587666958397	1.7165659553828452	1.3091519608048208	1.3115651030726116	0.9164819921842268
2.296135766607375	1.9399828915478528	1.9413963186681185	1.450320008187899	1.1060824737822263	1.1081273913347198	0.7743092291999916
2.2977587666958397	1.941396318668118	1.9427379839411405	1.4513785203674896	1.106923552146522	1.108959724414171	0.774902647088204
1.7165659553828452	1.450320008187899	1.4513785203674896	1.0842369504124536	0.8269290632801579	0.828446735193622	0.5789181506670688
1.3091519608048205	1.1060824737822266	1.1069235521465217	0.8269290632801577	0.630779125610242	0.6318775242606979	0.4416652614235597
1.3115651030726116	1.1081273913347196	1.108959724414171	0.8284467351936221	0.6318775242606978	0.6330462129376552	0.4424753188232149
0.9164819921842269	0.7743092291999916	0.774902647088204	0.5789181506670685	0.44166526142355966	0.4424753188232149	0.30943731442919264
2.7172974501145446	2.2974318950307304	2.2981258385071133	1.7195976661080408	1.3110802037717997	1.3102779220424574	0.9159802688182608
2.2974318950307304	1.942405788395354	1.9430334268387972	1.4538660684542901	1.1084507588938803	1.1078155315276559	0.7744447111270617
2.2981258385071133	1.943033426838797	1.9436023714382786	1.4543120015301934	1.1088546003128599	1.1081447615651872	0.7746907193161207
1.7195976661080408	1.4538660684542897	1.4543120015301936	1.0881645165118885	0.8297207242922591	0.8291460336700975	0.5796628221032081
1.3110802037717997	1.10845075889388	1.1088546003128599	0.8297207242922591	0.6327000042862444	0.6323176095717568	0.4420621970335776
1.3102779220424574	1.1078155315276557	1.1081447615651872	0.8291460336700975	0.6323176095717566	0.6317706490096304	0.4417177413665702
0.9159802688182608	0.7744447111270617	0.7746907193161209	0.5796628221032082	0.4420621970335776	0.4417177413665702	0.30874611276549496
2.72455583275701	2.3073546196116212	2.3025524861006414	1.7271699324528018	1.3195659413575833	1.3152597976301903	0.9239688345301387
2.3073546196116212	1.9540387657263907	1.9499789756518444	1.462729318595371	1.1175525724421804	1.1139090866183399	0.7825223061229861
2.3025524861006414	1.9499789756518446	1.9458995843623956	1.4596616598607042	1.1151766364320441	1.1115843694490721	0.7808506211623792
1.7271699324528011	1.462729318595371	1.4596616598607042	1.0950073381841756	0.8366553511729974	0.8339069066871155	0.5858191044259433
1.319565941357583	1.1175525724421802	1.1151766364320446	0.8366553511729976	0.6393171136838551	0.637175680319988	0.4476521776709787
1.31525979763019	1.1139090866183403	1.1115843694490724	0.8339069066871158	0.6371756803199881	0.6350369998848611	0.44607401089431326
0.923968834530139	0.7825223061229859	0.7808506211623792	0.5858191044259433	0.44765217767097876	0.44607401089431326	0.31338673550151525
2.727530810464979	2.307738328489755	2.304664616133118	1.7261817167672093	1.3193321572708385	1.3106800647235657	0.9126208369294786
2.3077383284897546	1.952594365587635	1.9500035624078211	1.4605912959543819	1.1163827473649828	1.1090418222082101	0.7722476845993155
2.3046646161331186	1.9500035624078207	1.94735882975324	1.4586115613802768	1.1148356409784845	1.1075203085116305	0.7711685718657196
1.7261817167672089	1.4605912959543819	1.4586115613802775	1.0925443437002949	0.8350973067613968	0.8296293824920977	0.5776920652487724
1.3193321572708387	1.116382747364983	1.1148356409784845	0.8350973067613966	0.638405751577829	0.6342002286057711	0.441656022526349
1.3106800647235657	1.1090418222082097	1.1075203085116303	0.8296293824920976	0.6342002286057712	0.6300538971142132	0.43875941245586286
0.9126208369294787	0.7722476845993151	0.7711685718657199	0.5776920652487724	0.44165602252634883	0.4387594124558629	0.30551549189784843
2.730691396371346	2.3131440459611663	2.313035532341072	1.7407028169117165	1.3348616751586029	1.3322691020556314	0.9351172919381671
2.3131440459611663	1.9594035048009077	1.9593450997842574	1.4744820693267346	1.1306983242644677	1.128513903664366	0.7921198182018901
2.3130355323410723	1.959345099784257	1.9592730001505039	1.474464457508005	1.1306789479908361	1.1285488934195935	0.7921480330057363
1.7407028169117167	1.4744820693267346	1.4744644575080053	1.1095296792850526	0.850788551535444	0.8492565261001229	0.5961004242062007
1.334861675158603	1.1306983242644677	1.1306789479908363	0.850788551535444	0.6523951933419699	0.6512333149850177	0.4571856723706202
1.3322691020556319	1.128513903664366	1.1285488934195937	0.8492565261001227	0.6512333149850177	0.6501808957724005	0.4564468525012175
0.935117291938167	0.7921198182018899	0.7921480330057366	0.5961004242062007	0.4571856723706202	0.4564468525012176	0.3206365296598872
2.724271446872025	2.3039990439392786	2.306147261242149	1.7288912117153246	1.3163615707756344	1.31832654302245	0.913522171090665
2.3039990439392786	1.948548401125587	1.950362154347873	1.4621345649837503	1.1132319126930112	1.114887856598146	0.7725250801735374
2.306147261242149	1.9503621543478726	1.9522261707945612	1.4635695554599593	1.1143841097613685	1.1160079256818607	0.7733748324502822
1.728891211715325	1.46213456498375	1.4635695554599586	1.0971330833061261	0.8353459855689317	0.8365307151124576	0.5796570626460933
1.3163615707756344	1.1132319126930115	1.1143841097613683	0.8353459855689317	0.636028519640719	0.6369298465968063	0.44133829219940385
1.3183265430224502	1.114887856598146	1.1160079256818607	0.8365307151124576	0.6369298465968063	0.6377666703005632	0.4419196802809537
0.913522171090665	0.7725250801735375	0.7733748324502822	0.5796570626460932	0.44133829219940396	0.44191968028095374	0.3061836359413465
2.727671664485912	2.309083745934681	2.308407036398659	1.7333679956921169	1.323834991706377	1.3241306986598458	0.922502924561652
2.309083745934682	1.9547168565123012	1.95416458144473	1.467333238505966	1.1206543851110164	1.1209573551841696	0.7809725442604879
2.308407036398659	1.9541645814447295	1.953576243107525	1.466927400179377	1.1203231175234465	1.1206262426513758	0.7807485916325015
1.7333679956921166	1.4673332385059663	1.4669274001793768	1.1014412423133322	0.8411729373691568	0.8415215159723982	0.5863519974932679
1.3238349917063772	1.1206543851110162	1.1203231175234463	0.8411729373691569	0.6422839914628984	0.6427260967749455	0.44773483823782434
1.3241306986598456	1.1209573551841692	1.1206262426513758	0.8415215159723982	0.6427260967749455	0.6430092415845884	0.44818472361613626
0.9225029245616522	0.780972544260488	0.7807485916325017	0.5863519974932679	0.44773483823782434	0.44818472361613626	0.3123954001395153
2.725682694036133	2.3036186653027784	2.3034112423609594	1.7239691664272339	1.3111665056175341	1.3089816333826565	0.9081579160623896
2.303618665302778	1.9469023978384978	1.946743207552041	1.4570378038414153	1.1081507422417047	1.1063149264024272	0.7675487411822616
2.30341124236096	1.9467432075520412	1.9465596381663144	1.4569031944012065	1.108071204841889	1.1061858990611277	0.7674786677444815
1.7239691664272339	1.4570378038414151	1.4569031944012065	1.0904616617254632	0.8293834444104434	0.8279535044082432	0.5744575476106518
1.3111665056175343	1.1081507422417047	1.1080712048418893	0.8293834444104432	0.630800459426943	0.6297165340696921	0.4368920036393235
1.3089816333826565	1.1063149264024272	1.1061858990611277	0.8279535044082434	0.6297165340696921	0.6286052959195217	0.4361227669376766
0.9081579160623896	0.7675487411822616	0.7674786677444813	0.5744575476106518	0.4368920036393234	0.4361227669376766	0.3024850780064419
2.7245482441633473	2.3068472779284375	2.3062082612394756	1.7310353427934657	1.3238072866932287	1.3187954262276793	0.9153027992986887
2.306847277928438	1.953175733466926	1.9526360688954252	1.465631374345801	1.1208154395627565	1.116610926996503	0.7749382082253873
2.3062082612394748	1.9526360688954252	1.9521087380370112	1.465236756173485	1.120522330341761	1.116277671473814	0.7746958689182447
1.7310353427934653	1.465631374345801	1.465236756173485	1.0997544148387766	0.8409458196449311	0.8378825030621803	0.5814317525736913
1.3238072866932287	1.1208154395627565	1.120522330341761	0.8409458196449311	0.6429050271544917	0.6406929200038362	0.4445031680984597
1.3187954262276789	1.1166109269965028	1.1162776714738143	0.8378825030621803	0.6406929200038362	0.6383258671026398	0.4428055302381164
0.9153027992986887	0.7749382082253874	0.7746958689182447	0.5814317525736912	0.4445031680984597	0.4428055302381164	0.3070002518190729
2.723321592106712	2.3043379489485996	2.3023143519660687	1.7243752558470737	1.3117100204183616	1.3203733020612416	0.9108049106011462
2.3043379489485996	1.949760272517178	1.9480536235484234	1.4589598663486179	1.1097512140168413	1.1171076351648905	0.7705251475507898
2.3023143519660683	1.9480536235484232	1.946381095210479	1.4577315284138084	1.1088437431212463	1.1161689824879704	0.7698901513309063
1.7243752558470735	1.4589598663486179	1.4577315284138084	1.0916654094422034	0.8303667233637139	0.8358190200707529	0.5764719940084712
1.3117100204183616	1.1097512140168415	1.1088437431212463	0.8303667233637139	0.631582875127564	0.635757414680865	0.43844950389260867
1.3203733020612416	1.1171076351648905	1.1161689824879704	0.8358190200707529	0.6357574146808648	0.6398225732999496	0.441217131014213
0.9108049106011463	0.7705251475507899	0.7698901513309062	0.5764719940084713	0.43844950389260867	0.441217131014213	0.3041791570070565
2.7219558513762454	2.2973941117545977	2.299641310518308	1.7149380658670559	1.301640894708232	1.3045627422628938	0.8966938376971468
2.297394111754598	1.939052468583138	1.9409613259765177	1.4474550106399828	1.098576290176222	1.1011582639209732	0.7568827304100266
2.299641310518308	1.9409613259765177	1.9428671866245235	1.4488834190968618	1.0997221808654396	1.102181197097871	0.7576121770196749
1.7149380658670557	1.4474550106399828	1.4488834190968618	1.0805262692060207	0.8201091320219388	0.8220771458703845	0.5650880195669242
1.301640894708232	1.098576290176222	1.0997221808654396	0.820109132021939	0.6224650487997946	0.6240476578256815	0.42897925406535653
1.3045627422628936	1.1011582639209732	1.102181197097871	0.8220771458703847	0.6240476578256815	0.6254620695748118	0.42997402571171667
0.8966938376971467	0.7568827304100266	0.7576121770196749	0.5650880195669242	0.42897925406535653	0.4299740257117168	0.29551704827830094
2.7219523828836896	2.301170700354484	2.3025496160090775	1.7208012134729778	1.3144469004043822	1.3073422346994936	0.9106258930791841
2.301170700354484	1.9454059518650222	1.9466168166752045	1.4547404901292513	1.1111586592201774	1.1051801665142402	0.7697557430167045
2.302549616009078	1.9466168166752045	1.9477725000455492	1.455671697906408	1.111933837704916	1.1058774830728348	0.7702976127434202
1.7208012134729775	1.4547404901292513	1.455671697906408	1.0878286958082912	0.8308882927459406	0.8263919417390934	0.5755363505861947
1.3144469004043817	1.1111586592201774	1.1119338377049162	0.8308882927459402	0.6345898942170901	0.6311826048732815	0.4395343557011347
1.3073422346994932	1.1051801665142402	1.1058774830728346	0.8263919417390931	0.6311826048732815	0.6277153462305688	0.4371422364129704
0.9106258930791844	0.7697557430167042	0.7702976127434202	0.5755363505861943	0.4395343557011347	0.4371422364129704	0.30434087434826435
2.72189373265725	2.3037566417468613	2.3051333473983227	1.7261003326216888	1.3136712027621014	1.316996221305539	0.9104089666356131
2.303756641746862	1.9498885907207624	1.9510293757383277	1.460997072605687	1.111970152594209	1.1147604902890311	0.7706759203291353
2.3051333473983227	1.9510293757383275	1.952218441801368	1.4618746311988777	1.1125789102088322	1.115411507531894	0.7710664309095937
1.726100332621689	1.4609970726056867	1.4618746311988773	1.0947653419900272	0.8332366977129557	0.835344266090858	0.5774909894635716
1.3136712027621014	1.111970152594209	1.112578910208832	0.8332366977129557	0.6341806496508235	0.635827161368272	0.43957318145600355
1.316996221305539	1.114760490289031	1.1154115075318944	0.8353442660908582	0.6358271613682721	0.6373272693562327	0.44062869852700765
0.9104089666356129	0.770675920329135	0.7710664309095937	0.5774909894635715	0.4395731814560035	0.4406286985270076	0.30463021313979605
2.7253405947754206	2.308407917715775	2.305283947857131	1.7320424508074785	1.3196647268821973	1.3192407692827006	0.9129035401345753
2.308407917715775	1.9552594714909457	1.9526180115343619	1.4670576393719188	1.1177399969339967	1.1174293688204768	0.7732445943927438
2.305283947857131	1.952618011534362	1.9499619962332393	1.4651068614037717	1.1162808320395958	1.1159869324779228	0.7722549624284406
1.7320424508074783	1.4670576393719188	1.4651068614037717	1.100815902336328	0.8386810276317563	0.8385870688226063	0.5802853108169975
1.3196647268821975	1.1177399969339967	1.1162808320395958	0.8386810276317563	0.6389568639950175	0.6389542400166327	0.44216684534103456
1.3192407692827004	1.1174293688204768	1.1159869324779228	0.8385870688226061	0.6389542400166328	0.6388956112178107	0.4421576021159086
0.9129035401345753	0.7732445943927438	0.7722549624284408	0.5802853108169975	0.4421668453410346	0.4421576021159086	0.3060881450210308
2.7213197884587266	2.2952352501298496	2.3014755402992715	1.7160118435004124	1.3027534650427623	1.309674502582877	0.9041012377975514
2.2952352501298505	1.9358514506545168	1.9411423117195161	1.4473274055643657	1.098762191899906	1.1045697363290132	0.7624752448706754
2.3014755402992706	1.941142311719516	1.9464149964238373	1.4512966362859003	1.1017742967288076	1.1076234704819383	0.7645879884287767
1.7160118435004124	1.4473274055643657	1.4512966362859003	1.082121388919244	0.8214690207717311	0.825808864397979	0.5699518119638928
1.3027534650427626	1.098762191899906	1.1017742967288076	0.8214690207717313	0.623541540899317	0.6268240107356932	0.4325312249115674
1.309674502582877	1.1045697363290132	1.1076234704819383	0.825808864397979	0.6268240107356932	0.6300757519184312	0.43475440210551847
0.9041012377975514	0.7624752448706754	0.7645879884287767	0.5699518119638926	0.43253122491156754	0.4347544021055185	0.29989098836685374
2.725445954879895	2.306789826722084	2.306666622665615	1.7284226334862665	1.3186513061848217	1.3144106368936155	0.9151430739416776
2.3067898267220834	1.952452051050552	1.952326934436199	1.4629338865291028	1.1161421710518535	1.1125191586921366	0.7746097672757298
2.3066666226656145	1.9523269344361989	1.9522282570309748	1.4628525683822984	1.1160160846188256	1.1124610306029412	0.7745095054034649
1.7284226334862665	1.4629338865291028	1.4628525683822977	1.0961649211167792	0.8363341495625924	0.8336452136774432	0.5805015274321651
1.3186513061848217	1.1161421710518535	1.1160160846188256	0.8363341495625924	0.6381471378512558	0.6360980988219563	0.44301535333472697
1.3144106368936155	1.1125191586921366	1.1124610306029412	0.8336452136774434	0.6360980988219561	0.6340117795130721	0.4414742450739448
0.9151430739416776	0.7746097672757296	0.7745095054034649	0.5805015274321651	0.44301535333472697	0.44147424507394484	0.3074188763032521
2.7269299343817823	2.3053687448379336	2.310448027203268	1.7320054125482944	1.320954986708718	1.328965417145288	0.9291327828044254
2.3053687448379345	1.94896716865723	1.953269253032957	1.464220084564583	1.116725409915668	1.1234980191193475	0.7854727591659384
2.310448027203268	1.9532692530329567	1.957566686722864	1.4674907311762457	1.1192061379259253	1.1259996124460276	0.7872221790190831
1.7320054125482944	1.4642200845645832	1.4674907311762457	1.1000874885810268	0.8390071200366115	0.8441094262201073	0.5901194851328593
1.3209549867087185	1.116725409915668	1.1192061379259253	0.8390071200366115	0.6398933574473945	0.6438033531193579	0.45008166472146893
1.328965417145288	1.1234980191193473	1.1259996124460274	0.8441094262201071	0.6438033531193578	0.6476408059025619	0.45281439203198687
0.9291327828044255	0.7854727591659384	0.787222179019083	0.5901194851328593	0.45008166472146893	0.4528143920319869	0.3166098571087704
2.7225974633658527	2.3015725984489235	2.300833694950068	1.7201546194111783	1.3082247659610544	1.3076493745695765	0.910721401450887
2.301572598448923	1.9456601425805158	1.9450137238369454	1.454136900840557	1.1059276923332855	1.10537467648179	0.7698580476035062
2.3008336949500685	1.9450137238369454	1.9443740634953486	1.4536107580298194	1.1054995629507236	1.1049795270931877	0.7695498610480888
1.7201546194111785	1.454136900840557	1.453610758029819	1.0866852428066012	0.8264292400564979	0.8260278931753285	0.5752950140319733
1.3082247659610549	1.1059276923332855	1.1054995629507236	0.826429240056498	0.6284518770339463	0.6281772813692631	0.43747819073870325
1.307649374569577	1.10537467648179	1.1049795270931877	0.8260278931753288	0.6281772813692632	0.6278896409133802	0.43730629015479017
0.910721401450887	0.7698580476035062	0.7695498610480889	0.5752950140319731	0.43747819073870314	0.43730629015479017	0.3045955227346259
2.7258532259629136	2.3056732783251053	2.309155244535841	1.7310855226509065	1.3181747343987933	1.3256799787598679	0.9209635221146821
2.3056732783251053	1.950268594898114	1.953239025053099	1.4642886221901497	1.1150308243198284	1.1214098989145243	0.7790838109057127
