2.7227029811401384	2.3027319997772295	2.302191668960764	1.7250627699136762	1.3226861375740115	1.3156860396870875	0.9218416299560367
2.3027319997772295	1.9477216209230719	1.947105153271389	1.4591954476987097	1.118948592514479	1.112979761631274	0.7798900815307852
2.302191668960764	1.947105153271389	1.9467736903635224	1.4588164760053546	1.118579582313514	1.1127261392290357	0.7796515551699937
1.7250627699136762	1.4591954476987097	1.4588164760053546	1.093656583748959	0.8388166578470225	0.8344192132046014	0.5848439322286964
1.3226861375740115	1.118948592514479	1.118579582313514	0.8388166578470225	0.6437882479627691	0.6400733398081274	0.44903348756738176
1.3156860396870875	1.112979761631274	1.1127261392290357	0.8344192132046014	0.6400733398081274	0.6370815586868069	0.44669385840079423
0.9218416299560367	0.7798900815307852	0.7796515551699937	0.5848439322286964	0.44903348756738176	0.44669385840079423	0.3138428215167771
2.723346848617622	2.3042167222340653	2.304677391388891	1.7297955738740083	1.31498061410871	1.3300635220011465	0.927879572719184
2.3042167222340653	1.9497983144378734	1.950036001632884	1.4638614729411659	1.1129636401324543	1.1256818354181546	0.7853907433530756
2.304677391388891	1.950036001632884	1.950553493023443	1.4641226128687919	1.1130517293566946	1.1258950788289726	0.7854573892981325
1.7297955738740083	1.4638614729411659	1.4641226128687919	1.0994868832980906	0.836097084713995	0.8457464849125341	0.5901796267495419
1.31498061410871	1.1129636401324543	1.1130517293566946	0.836097084713995	0.6363392336165744	0.6431975331482224	0.44932929429710083
1.3300635220011465	1.1256818354181546	1.1258950788289726	0.8457464849125341	0.6431975331482224	0.6510651313577486	0.4544444271647368
0.927879572719184	0.7853907433530756	0.7854573892981325	0.5901796267495419	0.44932929429710083	0.4544444271647368	0.31786696934860853
2.7247251637093677	2.3043044977461746	2.3038933935117725	1.72267361962232	1.3089937426714102	1.308259471759763	0.9055573588378082
2.3043044977461746	1.9488942204645474	1.9484167905910554	1.45703909705123	1.1072434312436596	1.1065558980679293	0.7659894350005758
2.3038933935117725	1.9484167905910554	1.9482036558554852	1.456809666674178	1.1070635641164597	1.1064643561177927	0.7659627212184917
1.72267361962232	1.45703909705123	1.456809666674178	1.0898137864372235	0.8284034737833689	0.8278719232467561	0.5732481666129384
1.3089937426714102	1.1072434312436596	1.1070635641164597	0.8284034737833689	0.6302431474604964	0.6294459504836779	0.4363795522103966
1.308259471759763	1.1065558980679293	1.1064643561177927	0.8278719232467561	0.6294459504836779	0.6293602065631222	0.43603504464662257
0.9055573588378082	0.7659894350005758	0.7659627212184917	0.5732481666129384	0.4363795522103966	0.43603504464662257	0.3028886659950563
2.7213375337000425	2.301240283559632	2.2992871572737816	1.719509494984844	1.3045646524761387	1.3090114673325426	0.9057566020686291
2.301240283559632	1.9461122218079037	1.9443507460088092	1.4542068089660358	1.1033412196798456	1.1070634390815093	0.7660337399051634
2.2992871572737816	1.9443507460088092	1.9428485515724718	1.4529841289593914	1.1023313820365777	1.1062086981472508	0.7654383457232022
1.719509494984844	1.4542068089660358	1.4529841289593914	1.0869456606636108	0.824737900446881	0.8276220745712805	0.5727843224808903
1.3045646524761387	1.1033412196798456	1.1023313820365777	0.824737900446881	0.6262716378360956	0.6279709738804974	0.4351375884104867
1.3090114673325426	1.1070634390815093	1.1062086981472508	0.8276220745712805	0.6279709738804974	0.6305342618490343	0.4365248775259491
0.9057566020686291	0.7660337399051634	0.7654383457232022	0.5727843224808903	0.4351375884104867	0.4365248775259491	0.30306760555262496
2.7227376469526448	2.305111166478562	2.304800816613724	1.7275834259695646	1.3205390238298242	1.3206069741079218	0.9230178143161075
2.305111166478562	1.9516851461162013	1.9512962848399187	1.4627680863566572	1.118210632427308	1.118238911225103	0.7816645877036249
2.304800816613724	1.9512962848399187	1.9511481729935174	1.4625507075843907	1.117973267303662	1.118097424451791	0.781487771516035
1.7275834259695646	1.4627680863566572	1.4625507075843907	1.0967026972357166	0.8385766702399157	0.8386168323700648	0.5863803256444695
1.3205390238298242	1.118210632427308	1.117973267303662	0.8385766702399157	0.6416508847359513	0.6412775317115175	0.4488359679613965
1.3206069741079218	1.118238911225103	1.118097424451791	0.8386168323700648	0.6412775317115175	0.6418038518424586	0.4489229490759545
0.9230178143161075	0.7816645877036249	0.781487771516035	0.5863803256444695	0.4488359679613965	0.4489229490759545	0.3147882907312814
2.7207502044430876	2.297463414886033	2.3020927414280465	1.7207941260344948	1.313473455215572	1.3068470973758033	0.9074810481421628
2.297463414886033	1.9401588406990526	1.943943499406733	1.4532424554111933	1.1093664459370707	1.1037131859394294	0.7665338242142089
2.3020927414280465	1.943943499406733	1.9480139308649982	1.4561932917549638	1.1115432895424202	1.1060002700706553	0.7680552994944475
1.7207941260344948	1.4532424554111933	1.4561932917549638	1.0889801032001316	0.8315148162112078	0.8272507552471993	0.5747320504044479
1.313473455215572	1.1093664459370707	1.1115432895424202	0.8315148162112078	0.6354231609352257	0.6317422324703971	0.4393749620138032
1.3068470973758033	1.1037131859394294	1.1060002700706553	0.8272507552471993	0.6317422324703971	0.6288692316608783	0.43712295792966716
0.9074810481421628	0.7665338242142089	0.7680552994944475	0.5747320504044479	0.4393749620138032	0.43712295792966716	0.30452235867877897
2.7250931824272264	2.30262816588697	2.3076586061719206	1.725719724482408	1.312854828623658	1.318552793587098	0.913708303770934
2.30262816588697	1.9458154596811834	1.9499265361225333	1.4583531580646323	1.109560395574281	1.1143330457261793	0.7722994540848989
2.3076586061719206	1.9499265361225333	1.9542954787249496	1.4615226804386952	1.1118830277431841	1.116754782649501	0.7738863240443274
1.725719724482408	1.4583531580646323	1.4615226804386952	1.0933314532269567	0.831955282041508	0.8355857362511916	0.5792039556777775
1.312854828623658	1.109560395574281	1.1118830277431841	0.831955282041508	0.6335536004434689	0.6358687317815525	0.4412439756622417
1.318552793587098	1.1143330457261793	1.116754782649501	0.8355857362511916	0.6358687317815525	0.639083850372444	0.44306086948545936
0.913708303770934	0.7722994540848989	0.7738863240443274	0.5792039556777775	0.4412439756622417	0.44306086948545936	0.3078225645335226
2.7217062710115805	2.303121450575327	2.2994227121195334	1.7227334987733889	1.3127342503049964	1.3187737461509481	0.922755661849151
2.303121450575327	1.9490464466562223	1.9457827899425693	1.4579217716071426	1.1110208551516323	1.1160767701531076	0.7809967746753137
2.2994227121195334	1.9457827899425693	1.9428360209168172	1.455677126616342	1.1092574060151732	1.1145024023175978	0.779835762149054
1.7227334987733889	1.4579217716071426	1.455677126616342	1.0910723337478494	0.8316332244684146	0.8355458151777265	0.5848331015068909
1.3127342503049964	1.1110208551516323	1.1092574060151732	0.8316332244684146	0.6343010735316827	0.6369417457042973	0.4462416834077208
1.3187737461509481	1.1160767701531076	1.1145024023175978	0.8355458151777265	0.6369417457042973	0.6403360074241543	0.4483757344693428
0.922755661849151	0.7809967746753137	0.779835762149054	0.5848331015068909	0.4462416834077208	0.4483757344693428	0.31470806029870135
2.724848068732717	2.3044979701189336	2.302501074514311	1.7171269386678774	1.3074377552428456	1.309149115263396	0.9122268184292789
2.3044979701189336	1.9491150455813664	1.947326021442538	1.4523887472170731	1.1059611344112823	1.1073222431236	0.7716859350412101
2.302501074514311	1.947326021442538	1.9457769159060405	1.4511667073862569	1.1049566122956656	1.1064686568248139	0.7710220627702548
1.7171269386678774	1.4523887472170731	1.4511667073862569	1.0826485977287985	0.8245820704518317	0.8256298255797366	0.5755474921616291
1.3074377552428456	1.1059611344112823	1.1049566122956656	0.8245820704518317	0.6284372334876266	0.6288773125880259	0.43879032277808644
1.309149115263396	1.1073222431236	1.1064686568248139	0.8256298255797366	0.6288773125880259	0.6300029055494581	0.4392966673077933
0.9122268184292789	0.7716859350412101	0.7710220627702548	0.5755474921616291	0.43879032277808644	0.4392966673077933	0.30697583230798875
2.7220446447875744	2.2973004630200315	2.304405257748351	1.7177336151739049	1.3088749502582315	1.3088285612377348	0.9126347043936627
2.2973004630200315	1.9389877832173552	1.9448461170762747	1.4498932411794767	1.104873913367306	1.1048072353507183	0.7704655536699341
2.304405257748351	1.9448461170762747	1.9510004689961746	1.454375654929071	1.1082560279129412	1.1082712117111992	0.772868034443984
1.7177336151739049	1.4498932411794767	1.454375654929071	1.0846124447406744	0.8267283535158905	0.8266720758775032	0.576713131947875
1.3088749502582315	1.104873913367306	1.1082560279129412	0.8267283535158905	0.6306333540212232	0.6301403769601465	0.440073984968444
1.3088285612377348	1.1048072353507183	1.1082712117111992	0.8266720758775032	0.6301403769601465	0.6305212301762562	0.43999021819636996
0.9126347043936627	0.7704655536699341	0.772868034443984	0.576713131947875	0.440073984968444	0.43999021819636996	0.307803706217739
2.721794558018857	2.301838850961694	2.303622337689982	1.7233591898029976	1.3139842837036253	1.313473748896098	0.9132586353191098
2.301838850961694	1.9468587308310668	1.9482106309873248	1.4576997495162842	1.1115385916960479	1.1110012530262352	0.7725334623514971
2.303622337689982	1.9482106309873248	1.9498697521069488	1.458844651272478	1.1123601675020784	1.1120028898678254	0.7732446503083569
1.7233591898029976	1.4576997495162842	1.458844651272478	1.0920136219281138	0.8328898620285538	0.8325181668521623	0.57905322397615
1.3139842837036253	1.1115385916960479	1.1123601675020784	0.8328898620285538	0.6358103448837263	0.6349990142881325	0.4421784940184114
1.313473748896098	1.1110012530262352	1.1120028898678254	0.8325181668521623	0.6349990142881325	0.6351462105674259	0.44195368070301244
0.9132586353191098	0.7725334623514971	0.7732446503083569	0.57905322397615	0.4421784940184114	0.44195368070301244	0.3083579352662101
2.720036622521317	2.3013152435311484	2.30149533118859	1.7265738657958891	1.3213712696178057	1.318226710354715	0.9255597173048798
2.3013152435311484	1.9471964559778314	1.9472169364880907	1.4609612258980063	1.1181782711919162	1.1154684369555745	0.7832715577882555
2.30149533118859	1.9472169364880907	1.947507014364828	1.4610846638424437	1.1182226473853933	1.1156505348742243	0.7833688753071856
1.7265738657958891	1.4609612258980063	1.4610846638424437	1.0965427616426853	0.8394293585078226	0.8374743931275098	0.5882414231604022
1.3213712696178057	1.1181782711919162	1.1182226473853933	0.8394293585078226	0.6430181386258412	0.6411707301506727	0.45082571281878964
1.318226710354715	1.1154684369555745	1.1156505348742243	0.8374743931275098	0.6411707301506727	0.6400556035672688	0.44971286581940123
0.9255597173048798	0.7832715577882555	0.7833688753071856	0.5882414231604022	0.45082571281878964	0.44971286581940123	0.31677024449429
2.723193018914077	2.3013070530619575	2.302885226684181	1.7267073105223008	1.3169826027720495	1.319908528821749	0.9188223348991267
2.3013070530619575	1.944930049056305	1.9461219569357242	1.4593636707901851	1.1131562367912329	1.1156076732435434	0.7766643345626397
2.302885226684181	1.9461219569357242	1.9476473931026932	1.4604433204170677	1.113991716317012	1.1164885187630118	0.7772880110557908
1.7267073105223008	1.4593636707901851	1.4604433204170677	1.0954930287944673	0.835784844416723	0.837649074969081	0.5832794691527691
1.3169826027720495	1.1131562367912329	1.113991716317012	0.835784844416723	0.6380195596012569	0.6390844820618344	0.44533433363389935
1.319908528821749	1.1156076732435434	1.1164885187630118	0.837649074969081	0.6390844820618344	0.6409978398458812	0.4464278790655405
0.9188223348991267	0.7766643345626397	0.7772880110557908	0.5832794691527691	0.44533433363389935	0.4464278790655405	0.3114995361058553
2.7213966804368295	2.299149366100766	2.302027484359851	1.721028943754887	1.3128284489179716	1.31361182847812	0.9137203393207866
2.299149366100766	1.942567421208618	1.9448538371651924	1.4541628912174798	1.109400349399939	1.1099371049869458	0.7721872521872771
2.302027484359851	1.9448538371651924	1.9474022726987261	1.455953913957466	1.1106846261485368	1.1113222713094342	0.7730574214116813
1.721028943754887	1.4541628912174798	1.455953913957466	1.0889195996007952	0.8309861235994171	0.8312825925562081	0.5785795802094267
1.3128284489179716	1.109400349399939	1.1106846261485368	0.8309861235994171	0.634685857218317	0.6344251167778654	0.44216319948332167
1.31361182847812	1.1099371049869458	1.1113222713094342	0.8312825925562081	0.6344251167778654	0.6349442383761214	0.44207271783304575
0.9137203393207866	0.7721872521872771	0.7730574214116813	0.5785795802094267	0.44216319948332167	0.44207271783304575	0.3087492433501866
2.7239198774619293	2.3008945561209733	2.3061058317553527	1.721574776929893	1.3095317260744477	1.3118480282363165	0.9131065077413932
2.3008945561209733	1.9437253205408698	1.9479746680584604	1.4544082652449581	1.1064159351395164	1.108306596853425	0.7714651460685221
2.3061058317553527	1.9479746680584604	1.952540691749607	1.4577065631713655	1.1088635378047658	1.1109471592671618	0.7733292187670607
1.721574776929893	1.4544082652449581	1.4577065631713655	1.0886985908856859	0.8284102305631693	0.8299221941555599	0.5778654009554102
1.3095317260744477	1.1064159351395164	1.1088635378047658	0.8284102305631693	0.6307984420042488	0.6316524667462183	0.44021332531663937
1.3118480282363165	1.108306596853425	1.1109471592671618	0.8299221941555599	0.6316524667462183	0.6332407706085054	0.44116424580416047
0.9131065077413932	0.7714651460685221	0.7733292187670607	0.5778654009554102	0.44021332531663937	0.44116424580416047	0.30797610707107426
2.720912468755621	2.3021623606069794	2.2997847442560224	1.7232809620842608	1.315803673709615	1.3134620814173463	0.9168977279267939
2.3021623606069794	1.948080614878652	1.945868157384023	1.4583068670178594	1.1135966317314032	1.1115362724502325	0.7760425064350303
2.2997847442560224	1.945868157384023	1.9440005772761364	1.4567446725930815	1.1123648011269076	1.1104086783992035	0.7751831518686153
1.7232809620842608	1.4583068670178594	1.4567446725930815	1.092024301137863	0.8341073126779913	0.8325339024027584	0.5814473454680161
1.315803673709615	1.1135966317314032	1.1123648011269076	0.8341073126779913	0.6376618490940221	0.6359888703013999	0.4447475496111881
1.3134620814173463	1.1115362724502325	1.1104086783992035	0.8325339024027584	0.6359888703013999	0.6351173156751875	0.443701856626266
0.9168977279267939	0.7760425064350303	0.7751831518686153	0.5814473454680161	0.4447475496111881	0.443701856626266	0.3107780858954093
2.7156437137223346	2.2945930765351985	2.294128171579899	1.7176441408842773	1.304456583639978	1.3045383911307848	0.8987325935138101
2.2945930765351985	1.9389699719315947	1.9384327441336051	1.4514853820851512	1.102412245843678	1.1023969607205066	0.7595413154676889
2.294128171579899	1.9384327441336051	1.9381862698500576	1.4511976282632684	1.1021601390985425	1.1022915701813143	0.7594600064388363
1.7176441408842773	1.4514853820851512	1.4511976282632684	1.0869109049315446	0.8256865103014926	0.8257047588172425	0.5690830361792818
1.304456583639978	1.102412245843678	1.1021601390985425	0.8256865103014926	0.6277573432091492	0.627387110073789	0.43290167298857435
1.3045383911307848	1.1023969607205066	1.1022915701813143	0.8257047588172425	0.627387110073789	0.6276662701764145	0.4328215603660824
0.8987325935138101	0.7595413154676889	0.7594600064388363	0.5690830361792818	0.43290167298857435	0.4328215603660824	0.2992191757554347
2.718760006351946	2.2999556460531485	2.2959750036554953	1.72095755261371	1.3101318469141539	1.3181459883114075	0.9212381529724519
2.2999556460531485	1.9457807839641423	1.942299058567179	1.4559641886191583	1.108445341687875	1.1152116596483568	0.7794731169463548
2.2959750036554953	1.942299058567179	1.9390955296521704	1.4534901225859838	1.106565177233956	1.1133444953791205	0.7781449450585454
1.72095755261371	1.4559641886191583	1.4534901225859838	1.089761355122939	0.8297595186152126	0.8348156238886205	0.5835808202686464
1.3101318469141539	1.108445341687875	1.106565177233956	0.8297595186152126	0.6321036171842472	0.6356167632423396	0.4446175621127866
1.3181459883114075	1.1152116596483568	1.1133444953791205	0.8348156238886205	0.6356167632423396	0.6398527337640606	0.44736296303007056
0.9212381529724519	0.7794731169463548	0.7781449450585454	0.5835808202686464	0.4446175621127866	0.44736296303007056	0.3133958672102969
2.716893632391932	2.2955696613247345	2.2956961809074743	1.71513004173809	1.3010616321892567	1.3086761154742865	0.9074036364995074
2.2955696613247345	1.9397375395515335	1.9397178836737308	1.4493411161192717	1.0995799866819054	1.1059266280109223	0.7669425910019342
2.2956961809074743	1.9397178836737308	1.9399451100726839	1.4494163580106871	1.0995515408106082	1.1060358757438349	0.7669959100156422
1.71513004173809	1.4493411161192717	1.4494163580106871	1.083268212654082	0.8220183754882949	0.8267500621605691	0.5735271316204985
1.3010616321892567	1.0995799866819054	1.0995515408106082	0.8220183754882949	0.6242372552781008	0.6274742146675744	0.43571678172528755
1.3086761154742865	1.1059266280109223	1.1060358757438349	0.8267500621605691	0.6274742146675744	0.6313054524772813	0.43812397384805485
0.9074036364995074	0.7669425910019342	0.7669959100156422	0.5735271316204985	0.43571678172528755	0.43812397384805485	0.3047102193910366
2.7161357968764173	2.2923377717963516	2.2942907969341957	1.7124664846075088	1.305838835341639	1.3098626703645584	0.9154331924035765
2.2923377717963516	1.9348220241045004	1.9363579775646382	1.4454867222148013	1.1023175528639522	1.1056854597914434	0.7727597466660926
2.2942907969341957	1.9363579775646382	1.938159037878928	1.4467669607100326	1.1032745447720755	1.1067237696674461	0.7735352004914501
1.7124664846075088	1.4454867222148013	1.4467669607100326	1.0803802061766992	0.8240057370732123	0.826614063922936	0.5778256499969927
1.305838835341639	1.1023175528639522	1.1032745447720755	0.8240057370732123	0.6287875406350839	0.6305181621049012	0.44104332153683606
1.3098626703645584	1.1056854597914434	1.1067237696674461	0.826614063922936	0.6305181621049012	0.6329030813249655	0.44259105160919243
0.9154331924035765	0.7727597466660926	0.7735352004914501	0.5778256499969927	0.44104332153683606	0.44259105160919243	0.3101034201230553
2.7200861343539864	2.2966648126446265	2.2978493015852943	1.7139417732197764	1.3006629127456317	1.3104898454826068	0.9094407976008066
2.2966648126446265	1.9393227255912293	1.9401838850229358	1.447378574383231	1.0984890831553697	1.1067462864668534	0.7681240132538427
2.2978493015852943	1.9401838850229358	1.941313543397295	1.4481027614949553	1.0990010715549825	1.1073129974337745	0.7684781632519138
1.7139417732197764	1.447378574383231	1.4481027614949553	1.0806878572253993	0.8203948914811693	0.8265842213176394	0.5738475692530413
1.3006629127456317	1.0984890831553697	1.0990010715549825	0.8203948914811693	0.6233085409231736	0.6275407955210731	0.43614152347597224
1.3104898454826068	1.1067462864668534	1.1073129974337745	0.8265842213176394	0.6275407955210731	0.6326482304804192	0.43934036404182025
0.9094407976008066	0.7681240132538427	0.7684781632519138	0.5738475692530413	0.43614152347597224	0.43934036404182025	0.30579285427058983
2.7169805407778735	2.297549563743016	2.2928037857961328	1.7144998764126527	1.304041165963591	1.3109511705118233	0.9142540738443773
2.297549563743016	1.9430605244794872	1.938881364241519	1.4500685229360373	1.103033556009987	1.10888655833206	0.7734614740964284
2.2928037857961328	1.938881364241519	1.9349889355280894	1.4470415280429296	1.1006909763254091	1.106553523934395	0.771786902770096
1.7144998764126527	1.4500685229360373	1.4470415280429296	1.0826226451886902	0.8237301356209276	0.8281584412446311	0.5778848984569146
1.304041165963591	1.103033556009987	1.1006909763254091	0.8237301356209276	0.6272248926906304	0.630184560134738	0.4402494917161957
1.3109511705118233	1.10888655833206	1.106553523934395	0.8281584412446311	0.630184560134738	0.6340239143625236	0.44262087488907237
0.9142540738443773	0.7734614740964284	0.771786902770096	0.5778848984569146	0.4402494917161957	0.44262087488907237	0.3098017845465134
2.7213354142016635	2.303127736918693	2.303435373340315	1.7285993480714723	1.3177745863197967	1.324743976373792	0.921248022294629
2.303127736918693	1.949329256236506	1.949437799140503	1.4631122057495904	1.1154345948197621	1.1212894162841613	0.779783576925296
2.303435373340315	1.949437799140503	1.9498502887494151	1.4632979688975627	1.115554229950076	1.12154452064484	0.7799661818718047
1.7285993480714723	1.4631122057495904	1.4632979688975627	1.0986091292269933	0.8377544116818383	0.8422398910532145	0.5858632071768123
1.3177745863197967	1.1154345948197621	1.115554229950076	0.8377544116818383	0.6392725014646418	0.6423527532169572	0.44726328169052704
1.324743976373792	1.1212894162841613	1.12154452064484	0.8422398910532145	0.6423527532169572	0.6461833856626759	0.44964585926873973
0.921248022294629	0.779783576925296	0.7799661818718047	0.5858632071768123	0.44726328169052704	0.44964585926873973	0.3136586881924081
2.723942811505378	2.304112027951172	2.3056144405582994	1.7306687100732294	1.3220146121356093	1.331422943537124	0.9353312207573126
2.304112027951172	1.9491108381178124	1.9502843935828977	1.4641152868014864	1.1184984228219954	1.126402648433867	0.7913781085875217
2.3056144405582994	1.9502843935828977	1.951712900974794	1.4651553915016027	1.1192595460086106	1.1272815139656387	0.7919764518677711
1.7306687100732294	1.4641152868014864	1.4651553915016027	1.1003681583005778	0.8407949311420745	0.8468848154028148	0.5951424037437372
1.3220146121356093	1.1184984228219954	1.1192595460086106	0.8407949311420745	0.6427670171715634	0.6471887703338918	0.4550467539238685
1.331422943537124	1.126402648433867	1.1272815139656387	0.8468848154028148	0.6471887703338918	0.6522499966338687	0.4585178497660374
0.9353312207573126	0.7913781085875217	0.7919764518677711	0.5951424037437372	0.4550467539238685	0.4585178497660374	0.3228061121771113
2.719888905409738	2.297911845154673	2.298940170737423	1.7213327908555123	1.3140503169701818	1.3204621269155654	0.9196398117539415
2.297911845154673	1.941579989372854	1.942289965236953	1.4545111778262287	1.1105253581955568	1.1159005788302732	0.7773704885532018
2.298940170737423	1.942289965236953	1.9432993740354239	1.4551402450249196	1.1108863704837322	1.1164182923643196	0.7776103873729868
1.7213327908555123	1.4545111778262287	1.4551402450249196	1.0901278005846888	0.8325768073299303	0.836680737638941	0.583140224817691
1.3140503169701818	1.1105253581955568	1.1108863704837322	0.8325768073299303	0.636423814230841	0.6392153372653455	0.4461809896799452
1.3204621269155654	1.1159005788302732	1.1164182923643196	0.836680737638941	0.6392153372653455	0.6427849402380249	0.44834030105330863
0.9196398117539415	0.7773704885532018	0.7776103873729868	0.583140224817691	0.4461809896799452	0.44834030105330863	0.31381280541156914
2.717724616288704	2.2962353398872377	2.2978674563586114	1.7166894039817315	1.3093128603532598	1.3117332598419476	0.9166904844028153
2.2962353398872377	1.9402607076651064	1.9415087237616853	1.4505981074915972	1.1064708218673804	1.1084013499775498	0.7746600424300706
2.2978674563586114	1.9415087237616853	1.9430597345253098	1.4516874579312338	1.1072535062516005	1.1093600637931205	0.7753120962787428
1.7166894039817315	1.4505981074915972	1.4516874579312338	1.08488325150466	0.8276382525296063	0.829182665636986	0.5796386132375463
1.3093128603532598	1.1064708218673804	1.1072535062516005	0.8276382525296063	0.6318368049918405	0.6326348368400051	0.4427059961002308
1.3117332598419476	1.1084013499775498	1.1093600637931205	0.829182665636986	0.6326348368400051	0.6342801761179613	0.44360432462336025
0.9166904844028153	0.7746600424300706	0.7753120962787428	0.5796386132375463	0.4427059961002308	0.44360432462336025	0.31098517802497455
2.7173744847491057	2.2975564254175107	2.298243208380633	1.719753195421949	1.3112051726738985	1.3104598815576478	0.9161100227578073
2.2975564254175107	1.9427607620024638	1.943169533994272	1.4542207093834392	1.108841836378041	1.1081950947511976	0.7748091751045413
2.298243208380633	1.943169533994272	1.943924030714002	1.4546769826562367	1.1091284447120449	1.1085652833177522	0.7749947318954616
1.719753195421949	1.4542207093834392	1.4546769826562367	1.0889587315086278	0.83050568469972	0.8300680843301259	0.5805398924269289
1.3112051726738985	1.108841836378041	1.1091284447120449	0.83050568469972	0.6340078194730839	0.6330775136130699	0.44335364818172524
1.3104598815576478	1.1081950947511976	1.1085652833177522	0.8300680843301259	0.6330775136130699	0.6331637869230504	0.4429644697314872
0.9161100227578073	0.7748091751045413	0.7749947318954616	0.5805398924269289	0.44335364818172524	0.4429644697314872	0.3107036439392193
2.7246344851408004	2.3074689046875485	2.3026810613821307	1.7273162618730413	1.3197364459363519	1.3153738133601436	0.9240855852592126
2.3074689046875485	1.9543337939419942	1.9501475658350333	1.4630604679405927	1.117948285813328	1.1141640702125322	0.7827950563727984
2.3026810613821307	1.9501475658350333	1.946233332345991	1.4600642168314921	1.1156466170921469	1.1119224867537931	0.7812270361615546
1.7273162618730413	1.4630604679405927	1.4600642168314921	1.0958220436507042	0.837617663039849	0.8346966966973238	0.5867046922079909
1.3197364459363519	1.117948285813328	1.1156466170921469	0.837617663039849	0.6407369268590757	0.638107582716429	0.4490063016099964
1.3153738133601436	1.1141640702125322	1.1119224867537931	0.8346966966973238	0.638107582716429	0.6362823583922838	0.44742784509391437
0.9240855852592126	0.7827950563727984	0.7812270361615546	0.5867046922079909	0.4490063016099964	0.44742784509391437	0.3154072482516355
2.727632450654307	2.30787270704131	2.3048101380228694	1.7263057073868708	1.3194280255846458	1.3108386391055582	0.9127521274238389
2.30787270704131	1.9528998221982758	1.950163624704608	1.460883400519564	1.1166655366717053	1.109373459743298	0.7725612181670813
2.3048101380228694	1.950163624704608	1.9476807321993872	1.4589074762550898	1.1151210462106986	1.1078980339544777	0.7714686245454065
1.7263057073868708	1.460883400519564	1.4589074762550898	1.0932562328613062	0.8358948652102677	0.8304224729567157	0.5784673527640315
1.3194280255846458	1.1166655366717053	1.1151210462106986	0.8358948652102677	0.6394775670399767	0.6350554887692144	0.4426705373726842
1.3108386391055582	1.109373459743298	1.1078980339544777	0.8304224729567157	0.6350554887692144	0.6312270699806161	0.43993698348439764
0.9127521274238389	0.7725612181670813	0.7714686245454065	0.5784673527640315	0.4426705373726842	0.43993698348439764	0.30716981970714213
2.730751130182749	2.313244894016093	2.313132285079168	1.7408266504721759	1.334980873544696	1.3323636058839523	0.9351766887783036
2.313244894016093	1.9597217518500745	1.9595239783118459	1.4748751592097704	1.131124207604179	1.1288656178246674	0.7924072819828067
2.313132285079168	1.9595239783118459	1.9595310420547023	1.4748059897306105	1.1310106571274972	1.128873246158395	0.7923721084693106
1.7408266504721759	1.4748751592097704	1.4748059897306105	1.1103863791683712	0.8517131427954275	0.8501147795663063	0.5968448883800824
1.334980873544696	1.131124207604179	1.1310106571274972	0.8517131427954275	0.6536967421176808	0.6521097648690505	0.4582213961892781
1.3323636058839523	1.1288656178246674	1.128873246158395	0.8501147795663063	0.6521097648690505	0.6513237216981529	0.45740959102202444
0.9351766887783036	0.7924072819828067	0.7923721084693106	0.5968448883800824	0.4582213961892781	0.45740959102202444	0.3219135042850902
2.724361761720838	2.304147496857997	2.3062673061479626	1.7290242912822145	1.3164774299454753	1.3184822522265653	0.9136062871220644
2.304147496857997	1.9488957008284185	1.9505619451917242	1.462503921718383	1.1135941939235663	1.1152739964362997	0.7728048957048538
2.3062673061479626	1.9505619451917242	1.9524741545475504	1.4638505709851628	1.1146043248165702	1.1163389715103362	0.7735264008269983
1.7290242912822145	1.462503921718383	1.4638505709851628	1.0979218231634762	0.8361093571573686	0.8374052849794315	0.5803262552307642
1.3164774299454753	1.1135941939235663	1.1146043248165702	0.8361093571573686	0.6371133585811738	0.637723542954232	0.44228673960399606
1.3184822522265653	1.1152739964362997	1.1163389715103362	0.8374052849794315	0.637723542954232	0.639095123765078	0.44294467685861266
0.9136062871220644	0.7728048957048538	0.7735264008269983	0.5803262552307642	0.44228673960399606	0.44294467685861266	0.3075221414569271
2.7277541396584044	2.309203961538374	2.30853170497284	1.7334977404701604	1.323975277036227	1.3242441360836104	0.9225875398278967
2.309203961538374	1.9550227747323146	1.9543272348635548	1.467684690842643	1.1210666773362234	1.1211513014843844	0.7811750671067786
2.30853170497284	1.9543272348635548	1.9538998518764832	1.4672640413926026	1.1206366341413891	1.1210120710308187	0.7809851290466009
1.7334977404701604	1.467684690842643	1.4672640413926026	1.1022460932007918	0.8420378469583141	0.8422067139760809	0.5868887633992056
1.323975277036227	1.1210666773362234	1.1206366341413891	0.8420378469583141	0.6437195437589689	0.6433550148759409	0.4487865010451047
1.3242441360836104	1.1211513014843844	1.1210120710308187	0.8422067139760809	0.6433550148759409	0.6440129196671742	0.4488593725372976
0.9225875398278967	0.7811750671067786	0.7809851290466009	0.5868887633992056	0.4487865010451047	0.4488593725372976	0.313674309130922
2.725765315492995	2.303735115228078	2.303532738697669	1.7240778029540837	1.3112503142622431	1.309090676457864	0.9082565350418781
2.303735115228078	1.9471564332309947	1.9469048634371464	1.4572874325772502	1.1084353828165614	1.1065735530225498	0.767862159940292
2.303532738697669	1.9469048634371464	1.9468438766199696	1.457193335883546	1.1083219156724808	1.1065723723354184	0.7678218033927419
1.7240778029540837	1.4572874325772502	1.457193335883546	1.0910271167367185	0.8300310783147894	0.8287076822452706	0.5752388019153388
1.3112503142622431	1.1084353828165614	1.1083219156724808	0.8300310783147894	0.6319760440292903	0.6305247028230091	0.43815591047250807
1.309090676457864	1.1065735530225498	1.1065723723354184	0.8287076822452706	0.6305247028230091	0.6299536741586161	0.43744963354282485
0.9082565350418781	0.767862159940292	0.7678218033927419	0.5752388019153388	0.43815591047250807	0.43744963354282485	0.30447734897718903
2.724638852707592	2.3069812840244395	2.30633132861719	1.731177741577633	1.3239729317150069	1.3189511702169572	0.915485247384591
2.3069812840244395	1.9534893725356781	1.9528055481396371	1.4659644264947884	1.1212524465524076	1.1169585457515645	0.7753838027332124
2.30633132861719	1.9528055481396371	1.9524154191243603	1.4656309674407522	1.1209493973201974	1.116756162288004	0.7751968046324097
1.731177741577633	1.4659644264947884	1.4656309674407522	1.1006245598703455	0.8420571035477519	0.8388577803097569	0.5825311981465728
1.3239729317150069	1.1212524465524076	1.1209493973201974	0.8420571035477519	0.644777932687107	0.6419158881513455	0.446277881009641
1.3189511702169572	1.1169585457515645	1.116756162288004	0.8388577803097569	0.6419158881513455	0.6398707156702007	0.44458652329528275
0.915485247384591	0.7753838027332124	0.7751968046324097	0.5825311981465728	0.446277881009641	0.44458652329528275	0.30977359156241674
2.7234084778122765	2.3044999287120738	2.3024599886736943	1.724614036408641	1.3119896205992527	1.3206612266634743	0.9110837722522648
2.3044999287120738	1.9502034361116969	1.9483264185605063	1.4595694664357903	1.110458390213201	1.117804064878277	0.7712311740743979
2.3024599886736943	1.9483264185605063	1.946719965609338	1.458212450695048	1.1093798619618198	1.1167592387108412	0.7704795168191394
1.724614036408641	1.4595694664357903	1.458212450695048	1.09275837425682	0.8315889662180346	0.8371314123311094	0.577821587762612
1.3119896205992527	1.110458390213201	1.1093798619618198	0.8315889662180346	0.6332745893053852	0.6371865505857981	0.4402487889851563
1.3206612266634743	1.117804064878277	1.1167592387108412	0.8371314123311094	0.6371865505857981	0.6418328334368572	0.44324277725383515
0.9110837722522648	0.7712311740743979	0.7704795168191394	0.577821587762612	0.4402487889851563	0.44324277725383515	0.3068381958390916
2.7220297898360717	2.2974891958632147	2.2997534668698023	1.715063850569478	1.301727996369596	1.3047289467989769	0.8967734780693974
2.2974891958632147	1.9393234729958957	1.941079678214823	1.4477616738047043	1.0989639406085083	1.10143135652234	0.7571195679962616
2.2997534668698023	1.941079678214823	1.9431179653311856	1.449143043363742	1.099889626975026	1.102538043650763	0.7577990719441149
1.715063850569478	1.4477616738047043	1.449143043363742	1.0811571779897067	0.8208218299679712	0.8227190127527287	0.565675928301543
1.301727996369596	1.0989639406085083	1.099889626975026	0.8208218299679712	0.6236413781426252	0.6247094443048956	0.4299787541415825
1.3047289467989769	1.10143135652234	1.102538043650763	0.8227190127527287	0.6247094443048956	0.6265285137392446	0.43098729473556485
0.8967734780693974	0.7571195679962616	0.7577990719441149	0.565675928301543	0.4299787541415825	0.43098729473556485	0.2971511258715727
2.722024488345816	2.301289823626053	2.3026558895256906	1.7209664742190978	1.3146558439282368	1.3075479600918036	0.9108422232948693
2.301289823626053	1.9457559087524194	1.946769997622865	1.4551992154259672	1.111764329677426	1.1057032820530954	0.7703235744593613
2.3026558895256906	1.946769997622865	1.94803638233643	1.455993727535587	1.1123044792892207	1.106354954441983	0.7707435201902889
1.7209664742190978	1.4551992154259672	1.455993727535587	1.0886725415304115	0.8319583377653625	0.827424221583331	0.5766165282249347
1.3146558439282368	1.111764329677426	1.1123044792892207	0.8319583377653625	0.6363091562816321	0.6324190824105819	0.44119306646317086
1.3075479600918036	1.1057032820530954	1.106354954441983	0.827424221583331	0.6324190824105819	0.629305600658951	0.43869644740075636
0.9108422232948693	0.7703235744593613	0.7707435201902889	0.5766165282249347	0.44119306646317086	0.43869644740075636	0.3065016756368471
2.721967488225997	2.3038665396035927	2.3052592333405215	1.7262384251123286	1.3138474410484984	1.3171328886773728	0.9105340160020413
2.3038665396035927	1.9501455770449239	1.951204717430307	1.46128914365368	1.1123157573480873	1.1150013581142444	0.7708778545696683
2.3052592333405215	1.951204717430307	1.9525128066432875	1.4621993935615334	1.1129602347715588	1.1157884848031105	0.7713910908695855
1.7262384251123286	1.46128914365368	1.4621993935615334	1.0954112114367984	0.8339996383384746	0.8360716997244161	0.5782145434852771
1.3138474410484984	1.1123157573480873	1.1129602347715588	0.8339996383384746	0.6354595622887467	0.6366349140256192	0.4407467676447117
1.3171328886773728	1.1150013581142444	1.1157884848031105	0.8360716997244161	0.6366349140256192	0.6386304052018166	0.44187501458000994
0.9105340160020413	0.7708778545696683	0.7713910908695855	0.5782145434852771	0.4407467676447117	0.44187501458000994	0.3064587830774666
2.7254219737885492	2.3085298508309617	2.3053882387343037	1.7321366478618232	1.3197968956427353	1.3192955059859657	0.9129936614572074
2.3085298508309617	1.955578195971083	1.9527500176857133	1.4673504800439934	1.1182171214036616	1.1176657090513868	0.7735888305206249
2.3053882387343037	1.9527500176857133	1.9502171358868468	1.4653338045774735	1.1165489388001184	1.1161429470262023	0.7724097399170223
1.7321366478618232	1.4673504800439934	1.4653338045774735	1.101416071293898	0.839565174925804	0.8391212475136675	0.5809609902882884
1.3197968956427353	1.1182171214036616	1.1165489388001184	0.839565174925804	0.6405812970486425	0.6397310590303475	0.44352066770040127
1.3192955059859657	1.1176657090513868	1.1161429470262023	0.8391212475136675	0.6397310590303475	0.6397653102861474	0.4431630023212772
0.9129936614572074	0.7735888305206249	0.7724097399170223	0.5809609902882884	0.44352066770040127	0.4431630023212772	0.3078624200542535
2.7213687946541625	2.295319497198063	2.3015440955297897	1.7161144576483494	1.3028568737022816	1.309782482723273	0.9042012745558886
2.295319497198063	1.9361185793254048	1.9412387060857004	1.447634043344132	1.0990984487229982	1.1049119226964101	0.7627908544757119
2.3015440955297897	1.9412387060857004	1.9466196956876693	1.4515371128386716	1.1020454080816193	1.1079348295013423	0.764909746674577
1.7161144576483494	1.447634043344132	1.4515371128386716	1.0827450709297877	0.8222258036908151	0.8265861127579895	0.570764707908291
1.3028568737022816	1.0990984487229982	1.1020454080816193	0.8222258036908151	0.6247876769287876	0.6278055740150621	0.43390912295046474
1.309782482723273	1.1049119226964101	1.1079348295013423	0.8265861127579895	0.6278055740150621	0.6314969334329162	0.4362355250778365
0.9042012745558886	0.7627908544757119	0.764909746674577	0.570764707908291	0.43390912295046474	0.4362355250778365	0.30199239042085396
2.7255366272379695	2.3069272720705025	2.3068065670257427	1.7285722417977407	1.3188331422805577	1.3146079531101866	0.9153197323545803
2.3069272720705025	1.9527622308496475	1.9525380661491436	1.4632728979791327	1.1165553486359583	1.1128936241339253	0.7749879188488463
2.3068065670257427	1.9525380661491436	1.9525484247130427	1.463167488370585	1.1164011837496992	1.1128697171291952	0.7748824176664377
1.7285722417977407	1.4632728979791327	1.463167488370585	1.096838274236658	0.8371237038815248	0.8344268498595501	0.5812357514594909
1.3188331422805577	1.1165553486359583	1.1164011837496992	0.8371237038815248	0.6393543411723939	0.6369479979482098	0.4440704630176282
1.3146079531101866	1.1128936241339253	1.1128697171291952	0.8344268498595501	0.6369479979482098	0.6353266359181071	0.4427873710457824
0.9153197323545803	0.7749879188488463	0.7748824176664377	0.5812357514594909	0.4440704630176282	0.4427873710457824	0.3093828846624524
2.7270160849742293	2.3054966648791706	2.310581915308717	1.732170895434379	1.321112951155246	1.3291138466781613	0.9292679891253601
2.3054966648791706	1.949262074297497	1.9534541943874568	1.4645820219972696	1.1170756730482962	1.1238241095184502	0.7857741202150161
2.310581915308717	1.9534541943874568	1.9579177191476422	1.4678643321513887	1.119559275232686	1.1263961053233558	0.7875140380474711
1.732170895434379	1.4645820219972696	1.4678643321513887	1.100851707873539	0.839818773678517	0.8449333584777744	0.590907095062121
1.321112951155246	1.1170756730482962	1.119559275232686	0.839818773678517	0.6410796598394245	0.6446617505428381	0.45129173335911427
1.3291138466781613	1.1238241095184502	1.1263961053233558	0.8449333584777744	0.6446617505428381	0.648897339072395	0.45402859380934696
0.9292679891253601	0.7857741202150161	0.7875140380474711	0.590907095062121	0.45129173335911427	0.45402859380934696	0.3184961085012103
2.7226594448332495	2.3016739134868955	2.300942675398806	1.720293499601017	1.308342728130721	1.3078374790972127	0.9108462579468816
2.3016739134868955	1.9459255990115836	1.945196544202096	1.454480380022436	1.106270521452027	1.10582429141348	0.7702129330220795
2.300942675398806	1.945196544202096	1.9446744588804379	1.4540310937073475	1.1058736735748667	1.1055159064231799	0.7699349018235887
1.720293499601017	1.454480380022436	1.4540310937073475	1.0875868255469492	0.827411842625386	0.8270924919616105	0.5762313542831161
1.308342728130721	1.106270521452027	1.1058736735748667	0.827411842625386	0.6299707974261898	0.6293129573599163	0.438895742897977
1.3078374790972127	1.10582429141348	1.1055159064231799	0.8270924919616105	0.6293129573599163	0.6295214559886217	0.4388323681212917
0.9108462579468816	0.7702129330220795	0.7699349018235887	0.5762313542831161	0.438895742897977	0.4388323681212917	0.3066752306536553
2.7259126231660815	2.3057632199208444	2.3092452748164365	1.731190194593939	1.3182412119927382	1.3258094184452487	0.9210250447135145
2.3057632199208444	1.950509634782259	1.9533562736028125	1.4645767248364419	1.1153034594724796	1.1216966452583863	0.7792924382728775
